
origin_lat = 37.465775
origin_long = -122.187286

% Table Parameters
%
% 1  : date test was taken
% 2  : test number for day
% 3  : file name
% 4  : test name
% 5  : carrier frequency (MHz)
% 6  : receive bandwidth (complex samples/second)
% 7  : transmit bandwidth (complex samples/second)
% 8  : transmit power (dBm)
% 9  : transmit antenna gain (dB)
% 10 : receive antenna gain (dB)
% 11 : latitude
% 12 : longitude
% 13 : linear gain error (in 1-ohm system)
%
% Notes: assuming that all tests transmitted the tx_frame waveform at
%        50% duty cycle.
%

%Z:\\161019-1_field_testing\\data\\test_100b\\100b_905E6.raw'
A = {
%      {0,'10/19/2016',1,'/Volumes/sigdata/data/161019-1_field_testing/data/test_100b/100b_905E6.raw','100b_905E6',905,6250000,6250000,31.5,5,5,37.46480333,-122.1874186,517.8174438,108.6764956},...
%      {1,'10/19/2016',1,'Z:\\161019-1_field_testing\\data\\test_100b\\100b_910E6.raw','100b_910E6',910,6250000,6250000,31.5,5,5,37.46480333,-122.1874186,517.8174438,108.6764956},...
%      {2,'10/19/2016',1,'Z:\\161019-1_field_testing\\data\\test_100b\\100b_915E6.raw','100b_915E6',915,6250000,6250000,31.5,5,5,37.46480333,-122.1874186,517.8174438,108.6764956},...
%      {3,'10/19/2016',1,'Z:\\161019-1_field_testing\\data\\test_100b\\100b_2410E6.raw','100b_2410E6',2410,6250000,6250000,26.7,8,8,37.46480333,-122.1874186,461.2163086,108.6764956},...
%      {4,'10/19/2016',1,'Z:\\161019-1_field_testing\\data\\test_100b\\100b_2420E6.raw','100b_2420E6',2420,6250000,6250000,26.7,8,8,37.46480333,-122.1874186,461.2163086,108.6764956},...
%      {5,'10/19/2016',1,'Z:\\161019-1_field_testing\\data\\test_100b\\100b_2430E6.raw','100b_2430E6',2430,6250000,6250000,26.7,8,8,37.46480333,-122.1874186,461.2163086,108.6764956},...
%      {6,'10/19/2016',2,'Z:\\161019-1_field_testing\\data\\test_100a\\100a_905E6.raw','100a_905E6',905,6250000,6250000,31.5,5,5,37.465575,-122.1859722,517.8174438,118.0640954},...
%      {7,'10/19/2016',2,'Z:\\161019-1_field_testing\\data\\test_100a\\100a_910E6.raw','100a_910E6',910,6250000,6250000,31.5,5,5,37.465575,-122.1859722,517.8174438,118.0640954},...
%      {8,'10/19/2016',2,'Z:\\161019-1_field_testing\\data\\test_100a\\100a_915E6.raw','100a_915E6',915,6250000,6250000,31.5,5,5,37.465575,-122.1859722,517.8174438,118.0640954},...
%      {9,'10/19/2016',2,'Z:\\161019-1_field_testing\\data\\test_100a\\100a_2410E6.raw','100a_2410E6',2410,6250000,6250000,26.7,8,8,37.465575,-122.1859722,461.2163086,118.0640954},...
%      {10,'10/19/2016',2,'Z:\\161019-1_field_testing\\data\\test_100a\\100a_2420E6.raw','100a_2420E6',2420,6250000,6250000,26.7,8,8,37.465575,-122.1859722,461.2163086,118.0640954},...
%      {11,'10/19/2016',2,'Z:\\161019-1_field_testing\\data\\test_100a\\100a_2430E6.raw','100a_2430E6',2430,6250000,6250000,26.7,8,8,37.465575,-122.1859722,461.2163086,118.0640954},...
%      {12,'10/19/2016',3,'Z:\\161019-1_field_testing\\data\\test_200c\\200c_905E6.raw','200c_905E6',905,6250000,6250000,31.5,5,5,37.465188,-122.185089,517.8174438,204.5931222},...
%      {13,'10/19/2016',3,'Z:\\161019-1_field_testing\\data\\test_200c\\200c_910E6.raw','200c_910E6',910,6250000,6250000,31.5,5,5,37.465188,-122.185089,517.8174438,204.5931222},...
%      {14,'10/19/2016',3,'Z:\\161019-1_field_testing\\data\\test_200c\\200c_915E6.raw','200c_915E6',915,6250000,6250000,31.5,5,5,37.465188,-122.185089,517.8174438,204.5931222},...
%      {15,'10/19/2016',3,'Z:\\161019-1_field_testing\\data\\test_200c\\200c_2410E6.raw','200c_2410E6',2410,6250000,6250000,26.7,8,8,37.465188,-122.185089,461.2163086,204.5931222},...
%      {16,'10/19/2016',3,'Z:\\161019-1_field_testing\\data\\test_200c\\200c_2420E6.raw','200c_2420E6',2420,6250000,6250000,26.7,8,8,37.465188,-122.185089,461.2163086,204.5931222},...
%      {17,'10/19/2016',3,'Z:\\161019-1_field_testing\\data\\test_200c\\200c_2430E6.raw','200c_2430E6',2430,6250000,6250000,26.7,8,8,37.465188,-122.185089,461.2163086,204.5931222},...
%      {18,'10/19/2016',4,'Z:\\161019-1_field_testing\\data\\test_300f\\300f_905E6.raw','300f_905E6',905,6250000,6250000,31.5,5,5,37.462975,-122.186534,517.8174438,318.3414402},...
%      {19,'10/19/2016',4,'/Volumes/sigdata/data/161019-1_field_testing/data/test_300f/300f_910E6.raw','300f_910E6',910,6250000,6250000,31.5,5,5,37.462975,-122.186534,517.8174438,318.3414402},...
%      {20,'10/19/2016',4,'Z:\\161019-1_field_testing\\data\\test_300f\\300f_915E6.raw','300f_915E6',915,6250000,6250000,31.5,5,5,37.462975,-122.186534,517.8174438,318.3414402},...
%      {21,'10/19/2016',4,'Z:\\161019-1_field_testing\\data\\test_300f\\300f_2410E6.raw','300f_2410E6',2410,6250000,6250000,26.7,8,8,37.462975,-122.186534,461.2163086,318.3414402},...
%      {22,'10/19/2016',4,'Z:\\161019-1_field_testing\\data\\test_300f\\300f_2420E6.raw','300f_2420E6',2420,6250000,6250000,26.7,8,8,37.462975,-122.186534,461.2163086,318.3414402},...
%      {23,'10/19/2016',4,'Z:\\161019-1_field_testing\\data\\test_300f\\300f_2430E6.raw','300f_2430E6',2430,6250000,6250000,26.7,8,8,37.462975,-122.186534,461.2163086,318.3414402},...
%      {24,'10/19/2016',5,'Z:\\161019-1_field_testing\\data\\test_300g\\300g_905E6.raw','300g_905E6',905,6250000,6250000,31.5,5,5,37.463146,-122.187762,517.8174438,295.3347554},...
%      {25,'10/19/2016',5,'Z:\\161019-1_field_testing\\data\\test_300g\\300g_910E6.raw','300g_910E6',910,6250000,6250000,31.5,5,5,37.463146,-122.187762,517.8174438,295.3347554},...
%      {26,'10/19/2016',5,'Z:\\161019-1_field_testing\\data\\test_300g\\300g_915E6.raw','300g_915E6',915,6250000,6250000,31.5,5,5,37.463146,-122.187762,517.8174438,295.3347554},...
%      {27,'10/19/2016',5,'Z:\\161019-1_field_testing\\data\\test_300g\\300g_2410E6.raw','300g_2410E6',2410,6250000,6250000,26.7,8,8,37.463146,-122.187762,461.2163086,295.3347554},...
      {28,'10/19/2016',5,'/Volumes/sigdata/data/161019-1_field_testing/data/test_300g/300g_2420E6.raw','300g_2420E6',2420,6250000,6250000,26.7,8,8,37.463146,-122.187762,461.2163086,295.3347554},...
%      {29,'10/19/2016',5,'Z:\\161019-1_field_testing\\data\\test_300g\\300g_2430E6.raw','300g_2430E6',2430,6250000,6250000,26.7,8,8,37.463146,-122.187762,461.2163086,295.3347554},...
%      {30,'10/19/2016',6,'Z:\\161019-1_field_testing\\data\\test_300h\\300h_905E6.raw','300h_905E6',905,6250000,6250000,31.5,5,5,37.463657,-122.189245,517.8174438,292.1630363},...
%      {31,'10/19/2016',6,'Z:\\161019-1_field_testing\\data\\test_300h\\300h_910E6.raw','300h_910E6',910,6250000,6250000,31.5,5,5,37.463657,-122.189245,517.8174438,292.1630363},...
%      {32,'10/19/2016',6,'Z:\\161019-1_field_testing\\data\\test_300h\\300h_915E6.raw','300h_915E6',915,6250000,6250000,31.5,5,5,37.463657,-122.189245,517.8174438,292.1630363},...
%      {33,'10/19/2016',6,'Z:\\161019-1_field_testing\\data\\test_300h\\300h_2410E6.raw','300h_2410E6',2410,6250000,6250000,26.7,8,8,37.463657,-122.189245,461.2163086,292.1630363},...
%      {34,'10/19/2016',6,'Z:\\161019-1_field_testing\\data\\test_300h\\300h_2420E6.raw','300h_2420E6',2420,6250000,6250000,26.7,8,8,37.463657,-122.189245,461.2163086,292.1630363},...
%      {35,'10/19/2016',6,'Z:\\161019-1_field_testing\\data\\test_300h\\300h_2430E6.raw','300h_2430E6',2430,6250000,6250000,26.7,8,8,37.463657,-122.189245,461.2163086,292.1630363},...
%      {36,'10/19/2016',7,'Z:\\161019-1_field_testing\\data\\test_400k\\400k_905E6.raw','400k_905E6',905,6250000,6250000,31.5,5,5,37.463071,-122.189699,517.8174438,368.4545443},...
%      {37,'10/19/2016',7,'Z:\\161019-1_field_testing\\data\\test_400k\\400k_910E6.raw','400k_910E6',910,6250000,6250000,31.5,5,5,37.463071,-122.189699,517.8174438,368.4545443},...
%      {38,'10/19/2016',7,'Z:\\161019-1_field_testing\\data\\test_400k\\400k_915E6.raw','400k_915E6',915,6250000,6250000,31.5,5,5,37.463071,-122.189699,517.8174438,368.4545443},...
